building	hour	average temp
1	10	67.82352941176471
1	11	61.214285714285715
1	12	64.42105263157895
1	13	69.6
1	14	66
1	15	68.5625
1	16	71.26666666666667
1	17	67.3
1	9	67.6875
10	10	67.5
10	11	69.375
10	12	65.34782608695652
10	13	68.35
10	14	71.47619047619048
10	15	69.36363636363636
10	16	64.94117647058823
10	17	68.52631578947368
10	9	69.5
11	10	67.15
11	11	68.8
11	12	67.3076923076923
11	13	67.25
11	14	65.78947368421052
11	15	71.0909090909091
11	16	67.42105263157895
11	17	69.63636363636364
11	9	66.27272727272727
12	10	65.71428571428571
12	11	70.44444444444444
12	12	71.91666666666667
12	13	69.3157894736842
12	14	69.4
12	15	68
12	16	67.94444444444444
12	17	64.31818181818181
12	9	68.11111111111111
13	10	68.57894736842105
13	11	64.46666666666667
13	12	66.28
13	13	66.375
13	14	68.6842105263158
13	15	68.89473684210526
13	16	67.57142857142857
13	17	66.07142857142857
13	9	67.95238095238095
14	10	66.92857142857143
14	11	69.46153846153847
14	12	67.2
14	13	67.82352941176471
14	14	68.75
14	15	68.68181818181819
14	16	67.8695652173913
14	17	70.52941176470588
14	9	65.6470588235294
15	10	66.55555555555556
15	11	69.5
15	12	67.52631578947368
15	13	69.125
15	14	67.36842105263158
15	15	71.15384615384616
15	16	66.16666666666667
15	17	67
15	9	66.33333333333333
16	10	69.52631578947368
16	11	66.78947368421052
16	12	66.44444444444444
16	13	67.8125
16	14	70.66666666666667
16	15	66.66666666666667
16	16	64.44444444444444
16	17	68.0625
16	9	66.58823529411765
17	10	66
17	11	68.8
17	12	66.66666666666667
17	13	69.78947368421052
17	14	64.41176470588235
17	15	67.2
17	16	66.53333333333333
17	17	68.96
17	9	68.08333333333333
18	10	68
18	11	69
18	12	66.73333333333333
18	13	65.38888888888889
18	14	65.5
18	15	67.23809523809524
18	16	65.5
18	17	68.5
18	9	67.8
19	10	68.125
19	11	68.71428571428571
19	12	69.54545454545455
19	13	70.31818181818181
19	14	69.72727272727273
19	15	71.0625
19	16	70.94444444444444
19	17	66.0909090909091
19	9	69
2	10	67.36363636363636
2	11	67.42857142857143
2	12	70.68181818181819
2	13	74
2	14	73.53846153846153
2	15	65.44444444444444
2	16	67.04761904761905
2	17	70.5
2	9	67.89473684210526
20	10	65.375
20	11	68.81818181818181
20	12	65.72727272727273
20	13	68.3157894736842
20	14	65.15
20	15	67.9090909090909
20	16	67.14285714285714
20	17	64.07692307692308
20	9	66.44444444444444
3	10	68.46666666666667
3	11	67.9
3	12	65.73684210526316
3	13	63.09090909090909
3	14	67.93333333333334
3	15	68.5
3	16	67.66666666666667
3	17	69.15384615384616
3	9	66.7
4	10	68.9375
4	11	66.5
4	12	67.27777777777777
4	13	69.9090909090909
4	14	69.47619047619048
4	15	67.11111111111111
4	16	67.26666666666667
4	17	67.71428571428571
4	9	67.76470588235294
5	10	68.17391304347827
5	11	69.46153846153847
5	12	65.4
5	13	68.78260869565217
5	14	68.25
5	15	65.29411764705883
5	16	67.94117647058823
5	17	70
5	9	67.58823529411765
6	10	65.70588235294117
6	11	68.57894736842105
6	12	68.3913043478261
6	13	68.70588235294117
6	14	69.61111111111111
6	15	67.78947368421052
6	16	67.04545454545455
6	17	67.78947368421052
6	9	70.5
7	10	68.125
7	11	68.45454545454545
7	12	67.6875
7	13	66
7	14	67.875
7	15	69.2
7	16	70.07692307692308
7	17	69.05555555555556
7	9	68.29411764705883
8	10	67.33333333333333
8	11	65
8	12	72.3076923076923
8	13	70.6
8	14	68.73333333333333
8	15	66.25
8	16	67.18181818181819
8	17	66.92857142857143
8	9	67.07692307692308
9	10	65
9	11	65.75
9	12	69.58823529411765
9	13	67.26315789473684
9	14	64.85714285714286
9	15	67.75
9	16	66.33333333333333
9	17	65.94117647058823
9	9	65.11111111111111
